 y = 0.42978926666976003 + -9.99666415218974E-4x
 y = 0.13990334946186664 + -8.691067076056123E-4x